"","OGNWH","OGNWN","OGNWO","OGNTP","OGNTS","OGNTT","OGNYZ","OGNZA","OGNZB","OGNZC","OGNYB","OGNYC","OGNYG","OGNXP","OGNXS","OGNXT","OGNYU","OGNYW","OGNYX","OGNYY","OGNUS","OGNUT","OGNXY","OGNXZ","OGNYA","OGNUY","OGNUZ","OGNWA","OGNXH","OGNXN","OGNXO","OGNWB","OGNWC","OGNWG","OGNZP","OGNZS","OGNYP","OGNYS","OGNYT","OGNXU","OGNXW","OGNXX","OGNZG","OGNZH","OGNZN","OGNUU","OGNUW","OGNUX","OGNYH","OGNYN","OGNYO","OGNWU","OGNWW","OGNWX","OGNWY","OGNWZ","OGNXA","OGNWP","OGNWS","OGNWT","OGNTU","OGNTW","OGNTX","OGNUB","OGNUC","OGNUG","OGNTY","OGNTZ","OGNUA","OGNUH","OGNUN","OGNUO","OGNXB","OGNXC","OGNXG","OGOAP","OGOAS","OGNZT","OGNZU","OGNZW","OGOBA","OGOBB","OGOBC","OGOBG","OGOBH","OGOBN","OGOAG","OGOAH","OGOAN","OGOAX","OGOAY","OGOAZ","OGOAT","OGOAU","OGOAW","OGNZX","OGNZY","OGNZZ","OGOAA","OGOAB","OGOAC","OGOBO","OGOBP","OGOBS"
"OGNWH",1,0.98833169205029,0.976254211587666,0.705045603419702,0.677520533746786,0.765202275123828,0.797567786410156,0.760508815473986,0.737740064962777,0.773216248744499,0.573808564057942,0.555541193755426,0.595051947277406,0.749483457459552,0.731477810055668,0.823357809070338,0.734193771383416,0.728949938819431,0.647939746243212,0.801762107160292,0.492274537736623,0.55264835631273,0.577843882263682,0.5869653899301,0.559375597592599,0.672278235373694,0.693000648632372,0.707360444258639,0.658548292582565,0.588557692695706,0.605058192958566,0.572909643945358,0.58377196003868,0.600589310101459,0.633803409458598,0.642629978147348,0.573573563063551,0.566266949326035,0.558916759228134,0.94391254255022,0.791461946892602,0.965598863379608,0.842917843346481,0.812598995495533,0.766386229361413,0.815611422658911,0.681175061854779,0.716994703998484,0.567325072803025,0.565364367150808,0.583289221448356,0.750017771823015,0.786245366807123,0.701373027686438,0.851044144392022,0.852080823342404,0.867639946701456,0.939660899256308,0.976571828558249,0.975250500967952,0.853243662020276,0.853390320158804,0.576154843522416,0.923393057064594,0.913255294375154,0.885482040105484,0.433472388068936,0.451143416656178,0.43431155057396,0.898383084420787,0.773266528805839,0.752038946426087,0.947394984047712,0.960292819399437,0.929676377662283,0.972016894994191,0.983534366782954,0.685804062387392,0.765733373123311,0.726805551610936,0.903181691128655,0.941346353464574,0.898864561305414,0.88041719075065,0.888163846545102,0.873876011092752,0.715513506134837,0.619987281998914,0.663067188829569,0.839449185212608,0.770713265159105,0.879277623455958,0.914912756164212,0.977705514819042,0.94885670004762,0.87833893442288,0.914272497982673,0.89410908306841,0.903481983209598,0.913200661581704,0.887744956908736,0.951186949395138,0.949442363059035,0.968375052714472
"OGNWN",0.98833169205029,1,0.963553815355928,0.648770576401304,0.609527006907075,0.70821283963866,0.74580602098581,0.705155983830218,0.692823916873263,0.729521512092523,0.525696489200475,0.507720179052028,0.55293307699921,0.748981151970799,0.741256332321729,0.838256939995911,0.696803843958757,0.687907633419531,0.62946140510831,0.778511464408442,0.454888906841885,0.502873741009985,0.530635889935185,0.54150964948096,0.519520338200551,0.610906575223262,0.632684050533829,0.647586161813557,0.595749691231044,0.522212175532058,0.537527786584638,0.513535311350078,0.524063261093363,0.538936203847159,0.566726336433874,0.572505960963956,0.513785083763366,0.506966746741796,0.496034175956481,0.922096450169505,0.735527172921789,0.946877535901334,0.791137089762886,0.756705526677626,0.70595120917558,0.761373134520157,0.611037818443939,0.648238381714133,0.508107071433561,0.50619097794229,0.523909951530002,0.692185943352389,0.742580362368756,0.643723911680353,0.81060341253581,0.825619318804372,0.845493495422329,0.945106833886749,0.970303466557486,0.971791467217809,0.821669765339213,0.804380709480288,0.518894524568772,0.911308464447223,0.891449056894489,0.853315378277079,0.385561286070784,0.403044499520428,0.386320663784669,0.875693333843447,0.737742882187629,0.714031284563935,0.945354062576111,0.955579057797383,0.913565851400544,0.977960768546748,0.981936831524222,0.63683593601834,0.712660590715189,0.68565532391526,0.88534033504847,0.934141081160873,0.904273464846462,0.854717217388643,0.844151053936912,0.828710610692077,0.64312102146874,0.540230068303735,0.589187734699535,0.794659162913771,0.715667389561377,0.830769693330098,0.883879252330068,0.963943412486574,0.942704666857264,0.85470029856395,0.889920674203958,0.8518358662639,0.882890265607824,0.918043213245202,0.870050656286669,0.940360408640011,0.934062038787203,0.961551673735368
"OGNWO",0.976254211587666,0.963553815355928,1,0.704412450756951,0.690718222133348,0.770788322606073,0.736600088353773,0.715615177484483,0.727495488067644,0.733755823595382,0.48552123031376,0.458906251514402,0.503281451285988,0.750869202561787,0.725334834440359,0.819127550485067,0.683413492884969,0.669110246165519,0.633127013866686,0.764291879321699,0.459942641011486,0.500096097720374,0.494534633015418,0.508462226962683,0.476963426153503,0.650557134319197,0.668307825379099,0.685016040677549,0.626543494113957,0.557811991218803,0.576577413679162,0.519453552723953,0.533064021410981,0.547416791954003,0.592457733996276,0.610149162507162,0.498729649637919,0.486161064299225,0.479108879060381,0.925520492793043,0.835464746373924,0.947438651358923,0.832529902638307,0.809979889163623,0.770281575330665,0.807856648009706,0.682263098536487,0.708181374149545,0.501401429914641,0.491930711964188,0.515721436673407,0.711752423547558,0.721439516683598,0.66901256715737,0.837627089193686,0.844903103599758,0.860740169887434,0.926713432664982,0.927242733967942,0.941090215476438,0.815879194808147,0.825442535415378,0.506151092698031,0.917657741769807,0.894176727396565,0.869128050414337,0.392907500897038,0.408754397919158,0.391981157571806,0.833526369136718,0.727356018344275,0.71005077130038,0.896764203382568,0.919009276389047,0.900778574635515,0.929705892307866,0.949885858887073,0.697840896902071,0.785625153906122,0.738879376329664,0.933552038726063,0.936539241804481,0.907104277560007,0.9061001020803,0.897308795318185,0.884098205915393,0.718502786324301,0.63953186923909,0.675902222280175,0.789922058458944,0.730944998890347,0.878674569236859,0.888736005229468,0.94429832963084,0.89373706250301,0.878609652294062,0.916190661349693,0.880081356801143,0.910512346805426,0.917095352364912,0.893343472166114,0.925145684461699,0.920915076788862,0.922451366698629
"OGNTP",0.705045603419702,0.648770576401304,0.704412450756951,1,0.957962684249021,0.984170276864427,0.774820993082581,0.792716338651606,0.792805230875287,0.777498429248405,0.669546655109142,0.638716533246428,0.643865758308903,0.543745094255681,0.499701537576965,0.561323587236115,0.73293409214027,0.704082603826466,0.678473961248605,0.741288055093361,0.587425586220856,0.638517038960564,0.741397162652587,0.762972908623526,0.723765369503136,0.822472987653384,0.851032483999463,0.862588859353427,0.781280850225276,0.718557230459879,0.732852561156563,0.696965626856287,0.726289962924343,0.706651611099664,0.751460111249945,0.810242197055247,0.725069228734271,0.705889004166588,0.700174896904366,0.780128565496991,0.769286593425938,0.764754295131916,0.819132024191669,0.819591664121555,0.844302581956899,0.900607057288002,0.880749861078897,0.85304436005777,0.767471523320165,0.739552610152883,0.816592241770966,0.791089637568335,0.791851618311743,0.779132592888175,0.747673535844325,0.734242067925526,0.733021005024052,0.713455908532362,0.70985766361577,0.712643386555697,0.898819730148656,0.900018544563414,0.650303992096642,0.786523816018101,0.839166323452541,0.866394111946308,0.568900694187058,0.56084713264301,0.542599097841039,0.735346131843841,0.769269262435237,0.78381940938745,0.670328253932048,0.683977688070252,0.726415741554627,0.686570564046618,0.713748602481904,0.940890071963342,0.924617564563268,0.943402298046631,0.685908795992535,0.677764634837163,0.613468262022917,0.756585386554793,0.821713666287378,0.810203055806521,0.896104345775602,0.82887768557139,0.867098130983066,0.798819245854068,0.787197640922198,0.81675393439936,0.756770560771738,0.744810473986122,0.725187539568254,0.797095409239666,0.805266977957828,0.87431441292854,0.776156498888048,0.776580104529841,0.764551996789287,0.682732284236606,0.72489162234918,0.684718943590379
"OGNTS",0.677520533746786,0.609527006907075,0.690718222133348,0.957962684249021,1,0.978412816353176,0.74360562958813,0.772725283342745,0.751769503996764,0.725657138262287,0.641005865266159,0.614199792802109,0.597477383050299,0.511024369184502,0.463167843256536,0.520796076581377,0.684540194319446,0.672631032079578,0.647897475726399,0.670488772154183,0.560130632945492,0.622327181220927,0.714221129469899,0.733738583977939,0.666160361853257,0.807309944012948,0.822085239970518,0.843369237515281,0.809271364334339,0.768989787854998,0.776461882905704,0.689367657247937,0.707087466651835,0.706372389787142,0.754190406785647,0.79670669045452,0.692683202874895,0.671648042073923,0.670516236956609,0.753612353916517,0.80680280752174,0.742210580598993,0.814116613453919,0.82705891675229,0.855270351532967,0.871287030357116,0.868191548336365,0.847066168777481,0.747141087220965,0.709166498675461,0.782222125162061,0.783323015134723,0.763155455043657,0.776030966329598,0.747073617999631,0.727854725886809,0.72300517316494,0.678866603878582,0.666390355095514,0.670356204291097,0.820708454674886,0.880672156430298,0.637692281500339,0.752261973771647,0.793360580407099,0.826804840387025,0.577426920571072,0.566538454873353,0.555455713150651,0.695076496658134,0.739772626849165,0.747835212630948,0.620576944765696,0.640340952833434,0.680714077245322,0.642757835852946,0.676198462375677,0.876739524413638,0.912069044071544,0.861773681798818,0.678444041150327,0.65138542181593,0.584860862737922,0.744431711402685,0.819406525580535,0.80961076975461,0.896162411045519,0.851849842355171,0.881016670142956,0.788409537182278,0.786983443063917,0.819721830996349,0.730417361405068,0.704738715780937,0.690014483540335,0.74669389831387,0.774502460958995,0.851102589317064,0.741594559465876,0.704300758655611,0.712733751669988,0.646171124954201,0.686229578033169,0.647521855192549
"OGNTT",0.765202275123828,0.70821283963866,0.770788322606073,0.984170276864427,0.978412816353176,1,0.796385882997603,0.813227832772838,0.797796217051679,0.789407961940751,0.675109007300518,0.644637654428888,0.648514731825418,0.584958586439648,0.539364258389136,0.607916937351956,0.744250383190588,0.725374142379277,0.692796767267619,0.752314552202114,0.585291769586728,0.645052795309305,0.732252023148487,0.751593495913144,0.704098380147176,0.829625048673511,0.853347276038976,0.869494165025634,0.8106045416929,0.751445088749622,0.765157092279227,0.706288319996914,0.728746899070763,0.721361458840231,0.764100130888974,0.810902351796735,0.721632884425084,0.702769181707193,0.696639645175436,0.82877133944796,0.823314677205576,0.820783451554063,0.862466286241522,0.864302623046945,0.881949229956831,0.918042780782346,0.887777936295489,0.869729769831259,0.761453537487285,0.729017139947852,0.800425439278649,0.81647961708869,0.811775666457325,0.800492865669553,0.795512002893959,0.784943323835931,0.784329490070362,0.759535197184874,0.75679183710801,0.760935631518551,0.901503349710141,0.926475386103289,0.659597033024046,0.830985365473401,0.870905126109349,0.894799567394831,0.572992028982579,0.568476292040775,0.552151514270806,0.772301269517776,0.79075889010086,0.796600367211285,0.713662460337751,0.731743972277168,0.765506893931096,0.737402888850361,0.766595073492561,0.926274082953229,0.949058771657103,0.921699226250053,0.750056712350337,0.738784644113541,0.67441678631013,0.80874390536458,0.871178630992155,0.859414438584918,0.914633363695205,0.848387939024631,0.883078229532268,0.837213190145114,0.821157933721699,0.867201566372674,0.800043169029443,0.793450014543192,0.768147276117971,0.836157755338693,0.84813033013733,0.912091749836923,0.822623960920703,0.805705579424299,0.805258760910537,0.733304313850042,0.769790710120819,0.735294729215255
"OGNYZ",0.797567786410156,0.74580602098581,0.736600088353773,0.774820993082581,0.74360562958813,0.796385882997603,1,0.976259611640751,0.796153071163766,0.914390026483706,0.751986922155868,0.714971181122392,0.727367237472225,0.676071450919785,0.647925955027144,0.688905312967994,0.880123648018655,0.897640245154111,0.697385434967682,0.87945644271939,0.703311027819599,0.777196423735571,0.718585053075012,0.714541525140357,0.678688440414741,0.839583735923255,0.842743128302361,0.851752066543625,0.765587133579642,0.735908140761325,0.751043182945278,0.834440087154306,0.83680676759623,0.850680559126512,0.858423060634505,0.86492267475543,0.845703735020751,0.828744017312833,0.842406651294757,0.830439569503111,0.745365814065686,0.82632831776976,0.874621990024631,0.848738245530094,0.804305689148345,0.829451620946793,0.796248621338539,0.837850557830408,0.820014532070514,0.839922437411035,0.817953963985127,0.847683739895056,0.84586251555517,0.81743130503637,0.854279717666925,0.795537120132915,0.796390623091127,0.798914201536342,0.847050291746556,0.838686762228496,0.862457417964889,0.905416646027392,0.754429598991557,0.839150782292919,0.860308892654805,0.874476395521833,0.627808702648905,0.650909798776709,0.627527961054886,0.917365578319265,0.899924038213014,0.883419747961574,0.822960673451866,0.83647444098626,0.846414825720206,0.784478522479333,0.812499281138254,0.735699911328137,0.776168221292321,0.721294200956066,0.667861434558298,0.695156363441605,0.61897583630098,0.755796994029985,0.832104897232283,0.817515210082006,0.798601390291902,0.720593494972621,0.740792903193894,0.861773448480171,0.842566956301436,0.828159893387377,0.897945601962656,0.860010377538399,0.848808999071303,0.818440819234501,0.839981969178486,0.884456809309272,0.80419189685641,0.719859996476536,0.785374607810685,0.783590077544134,0.798934417732826,0.818730022030788
"OGNZA",0.760508815473986,0.705155983830218,0.715615177484483,0.792716338651606,0.772725283342745,0.813227832772838,0.976259611640751,1,0.796757106342837,0.924470404862334,0.715291172531714,0.678255939441291,0.687906793074744,0.685091675678501,0.653624465290741,0.683215396741867,0.887983203443185,0.885897675409587,0.700413028759149,0.868331172120833,0.743585667098588,0.799000965736894,0.698678094012031,0.694626995506621,0.655260327234428,0.852614227626627,0.854476037992624,0.871950374982756,0.776409315669084,0.758057074808327,0.767350960660799,0.852120612229284,0.854126675974449,0.85796946041021,0.885224800602968,0.897511819862318,0.823174473912371,0.800067309736027,0.813561216918995,0.820051949363335,0.776561695546661,0.806962749259382,0.866872597683927,0.857813559132719,0.825744186946894,0.841847044642776,0.822626454634348,0.840708288558206,0.802761775894285,0.806633708765852,0.812774880296671,0.868200742920707,0.846670315381701,0.847850145850545,0.860488377943902,0.796473089579801,0.793389480356305,0.792878999496104,0.816671155953482,0.815071966354184,0.854825506042678,0.915598731130958,0.757893249766657,0.813427896859367,0.839662178762884,0.868882148427089,0.63862460798521,0.658841019515475,0.636240095855319,0.894318966125802,0.921995645827597,0.905762174016201,0.796677234278645,0.809549156447348,0.830597457478815,0.752273303146847,0.784917176644862,0.757518204438653,0.792859909651938,0.7295880644923,0.646200297584449,0.657911230300561,0.583722037620689,0.753631854562923,0.832151061901917,0.81709606268072,0.822124641907819,0.738983262034566,0.75828684580616,0.863055244872097,0.859155220355109,0.84004004696922,0.888380728909374,0.831249896085134,0.82756852636145,0.800850066507142,0.82401159979577,0.8786902302938,0.779865428486731,0.694632211561924,0.763120235601492,0.755164678505236,0.780535846272915,0.784507456413808
"OGNZB",0.737740064962777,0.692823916873263,0.727495488067644,0.792805230875287,0.751769503996764,0.797796217051679,0.796153071163766,0.796757106342837,1,0.8411101840441,0.622397729455875,0.598232404881506,0.625624046154816,0.769766828784237,0.734124939633099,0.767661388696885,0.814522198628409,0.709466648815159,0.834459417270092,0.819301195643571,0.715399504335858,0.688921029013017,0.672479385062773,0.717758494858982,0.670839061283499,0.726369601978369,0.754603425464587,0.748862697231805,0.663065207065576,0.61616488415844,0.626205305268794,0.664225933848355,0.673119183880231,0.670706019514256,0.70511538879101,0.745325180378374,0.657387525775869,0.648621515591515,0.644103427398051,0.796763576453949,0.687206008955772,0.769928064416364,0.835308778366741,0.832590984646156,0.805780113140801,0.804843817281003,0.730126728886837,0.74805852313546,0.666369995416006,0.657612738232186,0.713811364049701,0.744686087646917,0.745916184843165,0.718139869210448,0.726459634381511,0.709123009809046,0.709333166275929,0.721161638848152,0.7420923446169,0.739678626904336,0.821445136410823,0.82337298992915,0.598056768316417,0.777870008484932,0.79371921702085,0.805439420943215,0.476649933059837,0.480786096312762,0.467411588637781,0.786079343069992,0.777335568553699,0.788710917022531,0.713861231244283,0.732618094641164,0.747315884808898,0.714732368808124,0.743954289972762,0.748699482305312,0.790926653993873,0.809699444421367,0.727809362910613,0.724588804744258,0.697712795540717,0.741172055805469,0.792210103970077,0.774434918262864,0.76793164368294,0.711839680845772,0.752105613812333,0.782716184104877,0.750986395191501,0.79660761721505,0.769514335171469,0.790074145962154,0.737509292761756,0.794790086062059,0.835286638811661,0.835915198549695,0.815389138988499,0.781070415536429,0.810968181549981,0.764711641798823,0.774120816949101,0.726890447641065
"OGNZC",0.773216248744499,0.729521512092523,0.733755823595382,0.777498429248405,0.725657138262287,0.789407961940751,0.914390026483706,0.924470404862334,0.8411101840441,1,0.692241882741308,0.660440410798857,0.700839314959381,0.773207193628569,0.750130102423167,0.77149436072014,0.957154442448786,0.825303559106375,0.777605992327126,0.957856243028106,0.810786380979771,0.775071601472562,0.672670452773491,0.684796727721669,0.65818792460911,0.815147769121916,0.85791290832859,0.860694454281107,0.739280234035764,0.688072664222201,0.689676804468732,0.805926727337646,0.838043734578479,0.786114775869093,0.818374770407106,0.896230226702946,0.780841105543996,0.768845726617758,0.772934475953207,0.8268941008833,0.760606217321218,0.812457470616089,0.837372917554595,0.829417303024926,0.833883704806702,0.866106188326751,0.821759251924734,0.815129699719655,0.750879211607602,0.74431809016058,0.784834284634397,0.830926711687088,0.823901348875359,0.80160728244037,0.819451798238072,0.779024217446003,0.779027489664524,0.815617440314977,0.829307387029598,0.828824927099951,0.872041258025924,0.902670640471536,0.691128129288235,0.801138151307122,0.843152717722221,0.865663610105799,0.542378775578214,0.552678467541283,0.53800056817193,0.871073220692929,0.916479583727438,0.930453735078041,0.812611444640652,0.821354905247044,0.860909059379077,0.780015872930046,0.799667056869111,0.739492185872246,0.766795812928391,0.756083005546476,0.668821829599768,0.684289589482042,0.613274918038624,0.771247658070878,0.825586370616266,0.814504667129023,0.819388313180824,0.707802107657479,0.740040661651194,0.834668392323748,0.8158823761939,0.814865726626831,0.863605281763937,0.847753573088331,0.835626195683224,0.786966727421432,0.837302047548346,0.883787296793797,0.784520331972652,0.756597938081105,0.770260400637361,0.757473185809877,0.786037910910402,0.793051392125504
"OGNYB",0.573808564057942,0.525696489200475,0.48552123031376,0.669546655109142,0.641005865266159,0.675109007300518,0.751986922155868,0.715291172531714,0.622397729455875,0.692241882741308,1,0.98269548938498,0.961937012015801,0.40598182396378,0.381119499560541,0.431307788423719,0.676161776285301,0.6965923010631,0.554330173464663,0.629659474166479,0.501313737198449,0.633787314808311,0.922573483020371,0.905988943022042,0.921620295182381,0.650204316551398,0.634647523045521,0.655784888555683,0.692835589761837,0.670103310942734,0.666859670202232,0.671931637668723,0.675515677174273,0.678730931326949,0.681794270872774,0.658892555669679,0.899581844151919,0.927330922456209,0.899440696341472,0.560985879617606,0.486553825399114,0.567375768580709,0.639456394460568,0.619436358229672,0.584653607084008,0.621570129110758,0.589609235623175,0.598148221402064,0.863018518360864,0.864850303560459,0.869688883987663,0.698289378940807,0.770597469277273,0.659589404615588,0.613543005036414,0.568530853856853,0.567693160816165,0.521635350239742,0.604793994290992,0.576273140780814,0.725712163690008,0.731048528731342,0.721251552103384,0.575312170291374,0.624972984691096,0.637271990202258,0.511531658521883,0.518928591797873,0.506207106520967,0.735997687656435,0.68023063298179,0.663768720600244,0.59623173054541,0.600933980969429,0.604231511139199,0.561054310756603,0.577606627586078,0.634362387477422,0.642122141183967,0.588243793562466,0.443499198942962,0.504713181389465,0.425938856279467,0.485927444163081,0.56716257385885,0.557789342978482,0.583883520696127,0.499841150340331,0.524944445579504,0.730881456327739,0.70864971826121,0.613070313848485,0.636920088198808,0.631997295621654,0.615459984299894,0.571139694720667,0.609093649445273,0.657649162582717,0.553082276692615,0.532750282641075,0.552331234152485,0.583818840819916,0.597874654239372,0.593087805422417
"OGNYC",0.555541193755426,0.507720179052028,0.458906251514402,0.638716533246428,0.614199792802109,0.644637654428888,0.714971181122392,0.678255939441291,0.598232404881506,0.660440410798857,0.98269548938498,1,0.978422483229974,0.37735843952535,0.355251783248367,0.402148026434744,0.650709371562364,0.666819232582647,0.526354658651546,0.594594278714119,0.470604778870016,0.612457948884614,0.937508721297839,0.920801860583126,0.945143103014775,0.593315028837874,0.585437795725408,0.60744854565719,0.677009162316131,0.652054987775538,0.645743573624962,0.640998312789449,0.641763371147438,0.647255578386181,0.653689421704784,0.629197855278588,0.860651709658111,0.895569335617434,0.865287872561367,0.529517934039764,0.45754518919929,0.541255269794514,0.601956820384094,0.584217382416569,0.556067586971177,0.595212998222373,0.54795745816971,0.555615187559988,0.815848898883474,0.818143339485257,0.8529563897038,0.683549654123423,0.768710723267629,0.636052615563225,0.586998465995818,0.54103010522374,0.539430816918801,0.492199318498102,0.585693232851059,0.552316571979623,0.703630421802659,0.701890196066375,0.721140609999826,0.538969391235672,0.59341724736186,0.606324594748842,0.482205581573068,0.489650056973715,0.478078271232267,0.724293436917811,0.647289679570717,0.631921381887422,0.574888766823259,0.576331861368155,0.576759105102236,0.544615367288021,0.554493334938833,0.593897879027115,0.597838866075193,0.556138165698679,0.409717540183851,0.480328169075231,0.395449347230177,0.451150861870035,0.52961871006721,0.521684897269495,0.552692672110186,0.468172624347172,0.499831135952938,0.716507625551766,0.691905593182441,0.584914472404505,0.601311868270629,0.607971217366783,0.597821851110647,0.535218670428297,0.57383637782244,0.627286369365248,0.515610964453149,0.510181911020046,0.514079277187419,0.5517638051433,0.565885303605013,0.5678221978405
"OGNYG",0.595051947277406,0.55293307699921,0.503281451285988,0.643865758308903,0.597477383050299,0.648514731825418,0.727367237472225,0.687906793074744,0.625624046154816,0.700839314959381,0.961937012015801,0.978422483229974,1,0.421785041231881,0.400170529273028,0.451880093696197,0.680799466878061,0.669773725040599,0.545435410206791,0.643332887064845,0.481278058905754,0.60698111020202,0.901808051339773,0.887106935912198,0.93004488154618,0.595320157689524,0.593091639372991,0.612821128129635,0.668880944599261,0.63133368029902,0.627833458296846,0.637904015595896,0.644599201103511,0.637518367272049,0.653085892288817,0.644309191281344,0.84138150381634,0.884264493715603,0.8464184158998,0.565684004315911,0.479026113625856,0.576282661605433,0.629135041587096,0.608511346130119,0.5770301633205,0.625824079358687,0.562404352937847,0.56503946927664,0.776559532478691,0.779499708241672,0.830186734495703,0.699172867647098,0.783995247312102,0.648746147279892,0.61132562879532,0.568039298578782,0.568598568230527,0.534096941749423,0.622680260209519,0.593466375168269,0.742397003187268,0.72346601969428,0.716359417126512,0.571246067777125,0.624069553603877,0.634288274371581,0.450555296206103,0.461533891844428,0.446351943957417,0.751507565969154,0.662211274270119,0.654900754348926,0.618183536371465,0.617024451137361,0.622305929130755,0.586826830275613,0.594564814705405,0.619928839106285,0.619136885365451,0.592906260357099,0.457154211232399,0.527726173478503,0.448140119226295,0.491593438716259,0.561088909501172,0.552461091851112,0.569940334457571,0.477527453617789,0.508624024550115,0.735691168993647,0.705160953304948,0.616500086828987,0.637650165048256,0.64936377543814,0.630901778564156,0.575206723152367,0.616789171689129,0.654168238844958,0.562771825767479,0.567385578574909,0.566204721820779,0.596749768824048,0.613122818819059,0.607290007593304
"OGNXP",0.749483457459552,0.748981151970799,0.750869202561787,0.543745094255681,0.511024369184502,0.584958586439648,0.676071450919785,0.685091675678501,0.769766828784237,0.773207193628569,0.40598182396378,0.37735843952535,0.421785041231881,1,0.991841099498647,0.977101883400196,0.811673844092597,0.635433653687341,0.832660197011658,0.831594092184441,0.799767538159063,0.644125013149309,0.415782673831742,0.449464616157062,0.416348615439983,0.580489261774292,0.590548911833313,0.593653073556751,0.491294986001953,0.450354991246441,0.461646031302982,0.568419911811635,0.546879153857639,0.538844152029453,0.520822499017981,0.536979209613296,0.433808659493266,0.422528487044718,0.414320822030659,0.734117050400905,0.643851806637939,0.74323425366875,0.65499512273069,0.635552939278552,0.590801747903339,0.636496598557698,0.538344166083914,0.560715333814409,0.424739676440245,0.414551302019233,0.43527211145253,0.600659529362788,0.60119739733132,0.572088274843456,0.684782857125966,0.68098428234941,0.693921817548263,0.77171694253974,0.748920728233064,0.767139906290328,0.668470280404934,0.676743388354699,0.436873439066927,0.728986674187226,0.711211058859576,0.696078149704306,0.334436826376457,0.348412258720882,0.334814568341097,0.747857175395924,0.772401426619812,0.788780813554023,0.743237159937849,0.753715529853838,0.751213764062993,0.741513697720119,0.755837373098277,0.551042498449212,0.603531788571499,0.579624127376733,0.69068898741807,0.702407648442378,0.679680997775961,0.709355477793811,0.699648631345101,0.685389278057717,0.549191390750162,0.47638578971614,0.506486706484145,0.64002274511857,0.608295324046617,0.689041138705258,0.743287183212177,0.757605754972103,0.738624392845155,0.698516655660106,0.731897721605573,0.69387473009741,0.715001521195285,0.716565649611612,0.705585731965697,0.733098702214169,0.732458604392979,0.732906992544381
"OGNXS",0.731477810055668,0.741256332321729,0.725334834440359,0.499701537576965,0.463167843256536,0.539364258389136,0.647925955027144,0.653624465290741,0.734124939633099,0.750130102423167,0.381119499560541,0.355251783248367,0.400170529273028,0.991841099498647,1,0.978077974698099,0.799247010722645,0.616251093003318,0.817533785148932,0.818915042475578,0.793363152366451,0.626853303337643,0.391519157178365,0.425921794966477,0.392682335688183,0.542460089264272,0.557356190542341,0.557447244261872,0.457424131931433,0.412323731248217,0.422889451952291,0.544071164660857,0.523196388582173,0.51045958979236,0.486684447503122,0.504389928315594,0.40437793964646,0.394421010158498,0.387437003770411,0.708278745530692,0.598766428105357,0.717085185954104,0.610104047436524,0.588924683446284,0.55260442695381,0.596435712036532,0.496281300679551,0.520280580828391,0.396976190242728,0.387419966607066,0.406308394295449,0.563778044982115,0.574714112805077,0.536038032558846,0.652128346117001,0.654397104039583,0.66811065074715,0.761553801865022,0.737706609447459,0.75412034471637,0.632623344994374,0.639415379399656,0.408831883553736,0.703115514817964,0.685866727185676,0.66532918546229,0.316615150201057,0.331637111026728,0.318950842966035,0.734133915486131,0.756016086518882,0.773096865215335,0.729328606612124,0.737568696311749,0.729073035681908,0.733688284545787,0.745649924165377,0.495601359781551,0.547092396330998,0.532881085693332,0.66566908057019,0.686945425503757,0.671411772973714,0.677522350306285,0.659284175052785,0.646754510399145,0.503055366235552,0.424839268940668,0.460974059310331,0.614358429920519,0.573357355053645,0.649812735734859,0.713928767215561,0.739459542240408,0.728161723401445,0.655170393459791,0.69621444502417,0.656438983811713,0.676170641599275,0.694145383920021,0.66646747317303,0.713261743902885,0.71307040128827,0.722518362006185
"OGNXT",0.823357809070338,0.838256939995911,0.819127550485067,0.561323587236115,0.520796076581377,0.607916937351956,0.688905312967994,0.683215396741867,0.767661388696885,0.77149436072014,0.431307788423719,0.402148026434744,0.451880093696197,0.977101883400196,0.978077974698099,1,0.796973560468096,0.642116441249494,0.828047728210557,0.845384358780328,0.731009055475508,0.602850801288954,0.440782819415066,0.471817992978961,0.439377502070164,0.580395645132257,0.598836103538591,0.603296996122311,0.505093099965664,0.448787189621137,0.459703687428956,0.551508756611186,0.538155757179278,0.530481153193029,0.511533060769801,0.53583974045299,0.443997437017958,0.432007567025631,0.422028219083691,0.79409549349675,0.655011382819284,0.804813647910889,0.687291853301479,0.664265694913389,0.617024806726129,0.660265019177165,0.539139732705226,0.568969891542267,0.438267505664957,0.42840722774075,0.448297868607301,0.601440141138754,0.622525404275263,0.568952614734992,0.713575438013596,0.729452117078729,0.74614151386885,0.845541762691434,0.821571135878983,0.83679811651199,0.70707342142566,0.70400047454613,0.428973361625172,0.789674702053569,0.765225975047115,0.737937654099008,0.325844678604065,0.340355090069991,0.327835120618663,0.785689590540155,0.767504097946736,0.780534680610329,0.813320334556105,0.824286048094253,0.811164269718422,0.825192009825961,0.835152836795745,0.56869177138025,0.629133999787371,0.607586647821652,0.76013202488426,0.783855658054688,0.772041697851379,0.761368258265,0.735781177693957,0.72119738263012,0.553022295633324,0.46431056579968,0.506792286535503,0.668452372774366,0.614635058385607,0.713356903875714,0.775373073958553,0.827785005228334,0.805526758553959,0.743104348423376,0.790390254739116,0.737362706657399,0.769689241763976,0.796200266371266,0.760129890906744,0.805413983556419,0.798962822695114,0.8071126002899
"OGNYU",0.734193771383416,0.696803843958757,0.683413492884969,0.73293409214027,0.684540194319446,0.744250383190588,0.880123648018655,0.887983203443185,0.814522198628409,0.957154442448786,0.676161776285301,0.650709371562364,0.680799466878061,0.811673844092597,0.799247010722645,0.796973560468096,1,0.856055511453382,0.829760158164274,0.957881257869953,0.902318396666189,0.852512583722927,0.672590540205079,0.696760052108705,0.660602756776604,0.770286080213932,0.80788508640298,0.806924727378711,0.714217941816634,0.671823369695947,0.672795806410805,0.804190522469427,0.833452731193491,0.774163719335968,0.797966785509265,0.833732609861773,0.736449589665513,0.729396917728774,0.732920198116039,0.767492641545045,0.694337758285525,0.764012402459459,0.769312407345016,0.754884857624683,0.764825858992702,0.800032405734753,0.757291953917496,0.755250817601834,0.719498446397868,0.711317644634563,0.746810130896577,0.81442386543364,0.823067517717821,0.790375539026819,0.778230220770748,0.737955479914049,0.739148590525232,0.774984500815355,0.789514041545212,0.790892186447676,0.826238247679365,0.863685326056433,0.715407964814539,0.766431133158669,0.8056053394036,0.825854983049459,0.57310723150846,0.588116467902764,0.572727447689121,0.868423572631132,0.945313727779637,0.950619600291747,0.768568664963091,0.774756894784995,0.802142577170683,0.746568280405551,0.76353680786499,0.672250380554509,0.697511380406437,0.690581913785959,0.623659969168264,0.653354191512994,0.583782696004544,0.708259117320068,0.760116343769127,0.750697722268539,0.752478563856033,0.642681817595189,0.677765994582398,0.821050829247914,0.802177778963429,0.766395533375824,0.827678749323126,0.801565460417047,0.802326485301317,0.734278605491223,0.775607114003802,0.826606256188641,0.72711676088591,0.706248708550321,0.709882464853668,0.710470025035805,0.738103663767001,0.755397019163759
"OGNYW",0.728949938819431,0.687907633419531,0.669110246165519,0.704082603826466,0.672631032079578,0.725374142379277,0.897640245154111,0.885897675409587,0.709466648815159,0.825303559106375,0.6965923010631,0.666819232582647,0.669773725040599,0.635433653687341,0.616251093003318,0.642116441249494,0.856055511453382,1,0.661163551833897,0.804804848295308,0.718587215952106,0.915472906074748,0.674071431698603,0.679600301289834,0.640676915076485,0.739867016478985,0.743108361959205,0.750046491399273,0.702517283600547,0.700265962062275,0.711674303025736,0.77208670215603,0.773522458597978,0.786467214094597,0.869192040433889,0.751471109302032,0.758388797941216,0.750381032902176,0.754121402547683,0.728879656468636,0.659964371213513,0.743997790686384,0.752396159283466,0.7223088421909,0.698160471060675,0.726353569298633,0.703190775004756,0.732367316613485,0.7477111765218,0.752468942196648,0.736009136167463,0.85218244360068,0.871360687989591,0.841464420260242,0.787493704801787,0.729500641382908,0.733983783255386,0.738811925042413,0.771489123603095,0.773403123621283,0.797717706588848,0.853671539642192,0.885891740756274,0.800383602961839,0.829079350896565,0.845156113721795,0.786309004173493,0.831300747240481,0.797662380957484,0.871100215014544,0.906019374355108,0.847916355905721,0.749588372268408,0.758499848878537,0.758242177912418,0.721486349735989,0.746702375071961,0.630774812748463,0.670220011281678,0.633231710414222,0.609546629961967,0.646029991913587,0.57296850988042,0.665467758862992,0.732534747491334,0.720431641339688,0.698382435632128,0.617330971149385,0.642374378427869,0.846832125252036,0.843984880888021,0.752069863254837,0.855372939538537,0.783464994252197,0.777737354058921,0.748828006409434,0.749756766884782,0.801221163561139,0.718978694402289,0.65869675553777,0.701580878067098,0.706172901419221,0.717486168109252,0.752859875327767
"OGNYX",0.647939746243212,0.62946140510831,0.633127013866686,0.678473961248605,0.647897475726399,0.692796767267619,0.697385434967682,0.700413028759149,0.834459417270092,0.777605992327126,0.554330173464663,0.526354658651546,0.545435410206791,0.832660197011658,0.817533785148932,0.828047728210557,0.829760158164274,0.661163551833897,1,0.830265560676141,0.845289320579626,0.730589887584193,0.603872946180192,0.656492246053915,0.593096505610587,0.655359754025447,0.696902803418289,0.684605041043717,0.606922348860536,0.552530747829906,0.557642162214476,0.667754113633645,0.655447181291404,0.638251015588677,0.591553835714007,0.637509229920675,0.583598107197037,0.566132362767732,0.562525875451588,0.679748882702352,0.582336689475685,0.671578010554106,0.663125705236083,0.65491403442119,0.661178315118922,0.674786994804968,0.622090722209891,0.633762785242917,0.604922560047855,0.58179864794482,0.624608604673178,0.630022318049003,0.64699219988673,0.615063411912021,0.6443074538652,0.651647703622463,0.655313308046834,0.670717684889536,0.664656166464724,0.665210253113038,0.701120354708644,0.718015456631364,0.501688857572417,0.680914732253712,0.702230130438384,0.703972028503031,0.411324210548833,0.416418553407229,0.40498469809826,0.709006592680445,0.772751086707445,0.800485475097144,0.639950444846517,0.650896109423767,0.670627580070987,0.65198196424179,0.67049949822527,0.63411991399263,0.659391650815372,0.653574341614221,0.623885081564327,0.635741519748724,0.603817983271358,0.640399694280757,0.664978005334995,0.654439617102944,0.626175307684297,0.550273413918217,0.592579532081596,0.670140028361168,0.637624982370323,0.664318140694509,0.659999880406896,0.689297003794673,0.669972327155197,0.649844249722283,0.696440122579175,0.713945055017314,0.656892131826199,0.668996203022576,0.644694870202407,0.638130454638819,0.653453087496242,0.647293737730736
"OGNYY",0.801762107160292,0.778511464408442,0.764291879321699,0.741288055093361,0.670488772154183,0.752314552202114,0.87945644271939,0.868331172120833,0.819301195643571,0.957856243028106,0.629659474166479,0.594594278714119,0.643332887064845,0.831594092184441,0.818915042475578,0.845384358780328,0.957881257869953,0.804804848295308,0.830265560676141,1,0.825081184615506,0.75021721550763,0.625437583004236,0.64463841671145,0.616803730879713,0.779654900273155,0.826138383931933,0.82202977873665,0.682485588128976,0.611458087664355,0.620591076885902,0.749290098410699,0.780865003199959,0.730663608124392,0.737543690385632,0.813490310424085,0.708874820090882,0.690860669951559,0.696062498675618,0.838177858564465,0.725487493625348,0.830347175937373,0.811267363354449,0.790547249820386,0.788354634160773,0.839575941285183,0.774880320756704,0.782749866380226,0.686636798303427,0.683106110835318,0.712497224840955,0.773158666537996,0.782402627795058,0.741782654025221,0.791101386625995,0.773606461147837,0.780667011517629,0.845802155343873,0.850811052516939,0.856244703747469,0.859709885988985,0.862977894305142,0.613608290420063,0.833898884905439,0.862014603702831,0.863787755440014,0.485910168221049,0.496388478164425,0.480395808004269,0.866126745301903,0.898740788879829,0.927766562659329,0.826669071273093,0.833174834132323,0.865404525052094,0.817054591305121,0.83050287762049,0.708541153136152,0.737590273575235,0.743363024040915,0.701816118911843,0.726538478952742,0.665726503675236,0.787841110329153,0.817376607640832,0.803745964995004,0.766555035129269,0.662815365143476,0.697278427794746,0.794841894708577,0.758341949020863,0.787018291683328,0.85058973531565,0.864118920415637,0.848910699701343,0.80513008575616,0.845580683460467,0.868351533080549,0.810900125409854,0.806231209928095,0.79478671372133,0.769534570903202,0.792632171782871,0.810263936245492
"OGNUS",0.492274537736623,0.454888906841885,0.459942641011486,0.587425586220856,0.560130632945492,0.585291769586728,0.703311027819599,0.743585667098588,0.715399504335858,0.810786380979771,0.501313737198449,0.470604778870016,0.481278058905754,0.799767538159063,0.793363152366451,0.731009055475508,0.902318396666189,0.718587215952106,0.845289320579626,0.825081184615506,1,0.857389755135809,0.518303635242893,0.550351630019905,0.500661654371674,0.668548656051661,0.685175727263552,0.680809862572026,0.569444923501597,0.555509230177534,0.553109023787477,0.718396227783465,0.720746049978076,0.665598948347801,0.665264421879425,0.682750632561732,0.581607828212923,0.565606777240674,0.573626162592023,0.548976349673316,0.538793401319215,0.533275264668413,0.563233452091797,0.563467597098619,0.581601450531742,0.612321656977036,0.630214386127937,0.61084343505153,0.576141206970138,0.561057491001119,0.588698268837277,0.639193129928823,0.624872226763882,0.639794507250622,0.586943810971313,0.54537381313297,0.542314711797634,0.56244507584308,0.549490469344872,0.557148566809928,0.612147791519405,0.667414675152006,0.581691516838466,0.557979363296173,0.599566665510835,0.627992853322196,0.533982646184395,0.545383655275075,0.528576063349876,0.656161939136101,0.840924660325476,0.860682994403945,0.538840387820923,0.541540367373711,0.57912224419555,0.506417372902395,0.529598680012794,0.536297637169766,0.541842779070606,0.534528852798703,0.422801077745161,0.430669451867165,0.376243432479955,0.507360559929449,0.560562902265362,0.553301014306229,0.596828615587405,0.52703156434689,0.546496222235898,0.616651757509901,0.624009853941805,0.575556105930695,0.616964716793375,0.557801129433319,0.573258637770058,0.522311938234982,0.55544337059262,0.606580094008312,0.5056957334506,0.472907285585395,0.489441997531319,0.495880167006001,0.529130627534344,0.525895465827079
